1 1.38991276175617
2 1.38557715181658
3 1.37971852923605
4 1.37916750728388
5 1.37282585758937
6 1.36996309290487
7 1.36755317641729
8 1.36495984047349
9 1.36189602557443
10 1.3603278697324
11 1.35759940969498
12 1.35513862478602
13 1.3527250825068
14 1.35180859661386
15 1.34956204213678
16 1.34732757165008
17 1.34554208681405
18 1.34382691662391
19 1.34163869006948
20 1.34065615647189
21 1.3379268430841
22 1.33727312330745
23 1.33396267651212
24 1.33179585739727
25 1.33120050585735
26 1.33024743390588
27 1.32713231914771
28 1.32536656589269
29 1.32225109720692
30 1.32158032895443
31 1.32000499193187
32 1.31918412439349
