1 1.52067224910351
2 1.50669326911504
3 1.5043999495934
4 1.50244251541083
5 1.50135600843884
6 1.49779076286985
7 1.49466099811673
8 1.49216630788692
9 1.48832498278711
10 1.48735880852303
11 1.48547929239947
12 1.48236220840941
13 1.48026573808244
14 1.47778773233196
15 1.47704383615124
16 1.47640117332841
17 1.47230972035634
18 1.47137211850911
19 1.46932960412157
20 1.46811825967605
21 1.46564830358672
22 1.46263168736721
23 1.4620665735722
24 1.46024866895179
25 1.4585235363348
26 1.45730023594399
27 1.45603058281513
28 1.45479305565157
29 1.45322149453032
30 1.45112910215473
31 1.44976792767453
32 1.44859265955112
