1016002
1019244
1021480
1022211
1022781
1024799
1025603
1028635
1033972
1036634
1036772
1036902
1044057
1044178
1047060
1062002
1067404
1073285
1076140
1078566
1093391
1093526
1097098
1102713
1106872
1111578
1112725
1118979
1122913
1134145
1151326
1160193
1172871
1179166
1186199
1190304
1192548
1196612
1198879
1208254
1209070
1209802
1211928
1219578
1224189
1224572
1227693
1228237
1231466
1248115
1253223
1263712
1265080
1265539
1273272
1281395
1288436
1295345
1299819
1306437
1311841
1314075
1322156
1324328
1327188
1327450
1327658
1338688
1340425
1340608
1343174
1346427
1348626
1349513
1349535
1350851
1351158
1352678
1362305
1362518
1365028
1365869
1367851
1372715
1373594
1374631
1375233
1375352
1375535
1380222
1380377
1385218
1389396
1390129
1401234
1405650
1423135
1423146
1424473
1431212
1432129
1432269
1433987
1441752
1448682
1448764
1454419
1456497
1458544
1461130
1461465
1468942
1471301
1486940
1489917
1493589
1493885
1495245
1502395
1503387
1503954
1508745
1515000
1517795
1518846
1526936
1528762
1534702
1547938
1549847
1554052
1559614
1560125
1560919
1564209
1576298
1592467
1594271
1595841
1607738
1612948
1613965
1617893
1620501
1621563
1623575
1626778
1627989
1634959
1640902
1647123
1649011
1650636
1653129
1657813
1661642
1670960
1671296
1674838
1684496
1686140
1700902
1701746
1706354
1710349
1718653
1726116
1734742
1735297
1737098
1746843
1749953
1751255
1753060
1758837
1759091
1764043
1771640
1772531
1777991
1783169
1784470
1784979
1786523
1789271
1789328
1793040
1794182
1795817
1799310
1802809
1803206
1805217
1806244
1819460
1820683
1820828
1823996
1836101
1861608
1864742
1870351
1872555
1875452
1878942
1879256
1880505
1882342
1894837
1898545
1901906
1905326
1909353
1916821
1918534
1935817
1946336
1952134
1953449
1954249
1959210
1968167
1980463
1981620
1987336
1988013
1994210
1996127
1997021
2015208
2016051
2016615
2023737
2030542
2035709
2046580
2052963
2074060
2074613
2079309
2092099
2092992
2094118
2098971
2101125
2106343
2107490
2110840
2132892
2139660
2147583
2156656
2157469
2158377
2159223
2161575
2164745
2168968
2172212
2175215
2180395
2180709
2183735
2189568
2198633
2199916
2206402
2216011
2218707
2219723
2220793
2222243
2225029
2226827
2228599
2237272
2239139
2253698
2270045
2274853
2277916
2280072
2284794
2287321
2301183
2304003
2306164
2308508
2310202
2320690
2321347
2321635
2322282
2326895
2333699
2337151
2342982
2343197
2344844
2346177
2355652
2361885
2368289
2373013
2374670
2380584
2382659
2384621
2386561
2390329
2390388
2391153
2393912
2395840
2398273
2399951
2399985
2402909
2403880
2404882
2407635
2409920
2411899
2417562
2424635
2425557
2426908
2431990
2434551
2440404
2442544
2445535
2446814
2448251
2460188
2466215
2467931
2467979
2469074
2473768
2475622
2476867
2477685
2479328
2480593
2495377
2505819
2514036
2527797
2527891
2534535
2536218
2537225
2544209
2545933
2549298
2558916
2565846
2566323
2584015
2590453
2590803
2590979
2592050
2600439
2601789
2607280
2611431
2611791
2622603
2623534
2630332
2638690
2646525
2647305
2647893
2659852
2665282
2666983
2668444
2670113
2670714
2671338
2672477
2674046
2690526
2700011
2700601
2704328
2708509
2714967
2720124
2736473
2739389
2740745
2740953
2743120
2743392
2747680
2754500
2757776
2761200
2770777
2771220
2772498
2787288
2787896
2789555
2796007
2796402
2808166
2810795
2813866
2821450
2826779
2831139
2831366
2836356
2856726
2861040
2864089
2866822
2871752
2881822
2882015
2884749
2900485
2912268
2919767
2921041
2929608
2945180
2947211
2949914
2952230
2958301
2958960
2961781
2973096
2973932
2974799
2977266
2982595
2989361
2991389
2994462
3000272
3002731
3006589
3006631
3010195
3012020
3031478
3044885
3046243
3047164
3050201
3050377
3063195
3066857
3067149
3073605
3082710
3082836
3083307
3084512
3088470
3092778
3093077
3095663
3099027
3102032
3113270
3115121
3118504
3118530
3119599
3119831
3123323
3124313
3136898
3141231
3149779
3153560
3154139
3181437
3194936
3200216
3207493
3208632
3212950
3214477
3216414
3223457
3225480
3226126
3229505
3230951
3239775
3244370
3248000
3255874
3256613
3262842
3274643
3281379
3283384
3284191
3288847
3293658
3295650
3298326
3311434
3311978
3313208
3314832
3319491
3323835
3325070
3326990
3332136
3332560
3335580
3339060
3341214
3345022
3346711
3350027
3351098
3352970
3353830
3358845
3360311
3370437
3377370
3383116
3385082
3387414
3388277
3393734
3393832
3403791
3406002
3410986
3411261
3415023
3418739
3424559
3431208
3434950
3436610
3439223
3443099
3444448
3446098
3447141
3448298
3448391
3450140
3452380
3455511
3465823
3467789
3475986
3477480
3478449
3478505
3483901
3486632
3491948
3493403
3498699
3500989
3503670
3512168
3514337
3517671
3522766
3527584
3528894
3533876
3534117
3541814
3545916
3554861
3562584
3567037
3578960
3584501
3589758
3589856
3596739
3598606
3606909
3608218
3611222
3614319
3614668
3624157
3632775
3637928
3644620
3646649
3654720
3658367
3663776
3673239
3681753
3683478
3684343
3692394
3697731
3698453
3703861
3713034
3715271
3720640
3732632
3735235
3743703
3746614
3750371
3756602
3763462
3764815
3767678
3778290
3780342
3781422
3782689
3789961
3791319
3791390
3796010
3805826
3812045
3814026
3822589
3826230
3836963
3836981
3839551
3857764
3860460
3862562
3865470
3866333
3870916
3874818
3876740
3893184
3897607
3943724
3951675
3957937
3959588
3961168
3976717
3979369
3979417
3982106
3983599
3984638
3992797
3992856
3994333
4005241
4015945
4016720
4018936
4022408
4026512
4027053
4045346
4046012
4049964
4064657
4079438
4085598
4102267
4125303
4125374
4130598
4130661
4137584
4144767
4150117
4153270
4156353
4157558
4161068
4165971
4166734
4175135
4178818
4184868
4190440
4195030
4195705
4201696
4202713
4203144
4206962
4209189
4211328
4212654
4215114
4222014
4226666
4228307
4231927
4236922
4237693
4244951
4245003
4246323
4266689
4271164
4284942
4287203
4290433
4293689
4296422
4299817
4300507
4304515
4306564
4307980
4308416
4308780
4316278
4324618
4329430
4335519
4336684
4340270
4346385
4355783
4355964
4356537
4359004
4362017
4367639
4369664
4375257
4395475
4396544
4406134
4406909
4414866
4415839
4417371
4420336
4421070
4440648
4441486
4448311
4467024
4468006
4474780
4479249
4479355
4489220
4501344
4506406
4507247
4524956
4532176
4533166
4534737
4535649
4539626
4544052
4547119
4547946
4551215
4552791
4555210
4559148
4561029
4573520
4584975
4589638
4595288
4601418
4602612
4602830
4603610
4604606
4607504
4613315
4617377
4618176
4618975
4626998
4630865
4633401
4639334
4640970
4643652
4644934
4645708
4652212
4661791
4665882
4667968
4683352
4690455
4699499
4710654
4713327
4713811
4716411
4722414
4724058
4731288
4731739
4734468
4735568
4736856
4743607
4748113
4748668
4748815
4754944
4756476
4761001
4778421
4781546
4782097
4783961
4784404
4796026
4800059
4804531
4805402
4807519
4808515
4809231
4811324
4812826
4813552
4815121
4815228
4816209
4820838
4820964
4823192
4824027
4824659
4825820
4841651
4847138
4857411
4857894
4874300
4881076
4884643
4885107
4888317
4888463
4893302
4903530
4906342
4907902
4915606
4921183
4922026
4929092
4935316
4935520
4937422
4943293
4943855
4944240
4948926
4949427
4949902
4950457
4957036
4960304
4966657
4968641
4973212
4980434
4981383
4984504
4985318
4990620
4992734
4996485
5005074
5009686
5013578
5017804
5024390
5028637
5029609
5029644
5033368
5034206
5035126
5037385
5039200
5059812
5061345
5070118
5073947
5075684
5079408
5082587
5083855
5088960
5090824
5092094
5093067
5096976
5103592
5104850
5111927
5112903
5121458
5122844
5124368
5137837
5140588
5141485
5152378
5152456
5155338
5162980
5163076
5165021
5168706
5178523
5178689
5179161
5181096
5183685
5189664
5194893
5198333
5200775
5204380
5216469
5218204
5227958
5236855
5239051
5245804
5249984
5261045
5270455
5272979
5275939
5276203
5284477
5305766
5306827
5307121
5308629
5311676
5328776
5331467
5343254
5351541
5352158
5352419
5358397
5360165
5361236
5375703
5380721
5383251
5394941
5399865
5402973
5410469
5410837
5414940
5438062
5452339
5462485
5463456
5470405
5471337
5471748
5477947
5480642
5490579
5493429
5498859
5504175
5504183
5508560
5514279
5522209
5523911
5527567
5533229
5536087
5547431
5559252
5560151
5567939
5576255
5576471
5580753
5588485
5591507
5594848
5598745
5601265
5602418
5606709
5609602
5612028
5616269
5619241
5622237
5627644
5630408
5632572
5646115
5648019
5648081
5659148
5662323
5664099
5670258
5685199
5688768
5689157
5689734
5690055
5700442
5709424
5710978
5715625
5716235
5718315
5719510
5722503
5727783
5735620
5736167
5736737
5741247
5744531
5744719
5746809
5748052
5750319
5753266
5755321
5757605
5763014
5767815
5782651
5783619
5785942
5791529
5791565
5793114
5794134
5802476
5803760
5806524
5815771
5824105
5835314
5842021
5843817
5874780
5876775
5879086
5880798
5884594
5886427
5886736
5891864
5895889
5896466
5898775
5904022
5907467
5911606
5915484
5918368
5918508
5920306
5926647
5928204
5929498
5933114
5936391
5939349
5940969
5945244
5960346
5961820
5965824
5972574
5979943
5980116
5987834
5999933
6002112
6025033
1000996
1033500
1040860
1042590
1073262
1080741
1093627
1096551
1110631
1129680
1163517
1204306
1221228
1238051
1279672
1322623
1346010
1360976
1450060
1453001
1469450
1483944
1566543
1571245
1583774
1604753
1619940
1636061
1703931
1704849
1715583
1717680
1744073
1782281
1815832
1829388
1883856
1899953
1911347
1927264
1956768
2016239
2019097
2033751
2088143
2091989
2093768
2127644
2129130
2142811
2154968
2163271
2169853
2176487
2190632
2213599
2233000
2248601
2248703
2320624
2326868
2335169
2346592
2356947
2357432
2371159
2412241
2414857
2422648
2504891
2507715
2527594
2532229
2563685
2602348
2619811
2640011
2647828
2651437
2678693
2682726
2688248
2694683
2739352
2739670
2746657
2785028
2808846
2827577
2832956
2945706
2958572
2972854
2983534
3009256
3019437
3019655
3044851
3067957
3068073
3109172
3123799
3176591
3191323
3197691
3224946
3229258
3230228
3253197
3294051
3365780
3380364
3384119
3391329
3399619
3411359
3436550
3483240
3487146
3489851
3499945
3503376
3509378
3529405
3564316
3568675
3578189
3593025
3632213
3661038
3665633
3676912
3711658
3734112
3751586
3757106
3768942
3769063
3792290
3814819
3818811
3853945
3854676
3887902
3894720
3911734
3937298
3955109
3979685
4043494
4044002
4067001
4071155
4074054
4088362
4113956
4136189
4140006
4158312
4168429
4203068
4220108
4259381
4268722
4310303
4317317
4348636
4375720
4427206
4431004
4437961
4441102
4466621
4537293
4615375
4618403
4638477
4647121
4684385
4735164
4741238
4769661
4784427
4796464
4817303
4827505
4837663
4886517
4920454
4923444
4930390
4955960
4971659
5052186
5114958
5150577
5153115
5180864
5190088
5199098
5230005
5275244
5276036
5276889
5284210
5292728
5395299
5396320
5396725
5445488
5447698
5464876
5471790
5472664
5502972
5511717
5531859
5558650
5609753
5646430
5663670
5663925
5676277
5677603
5713367
5722167
5764848
5786367
5789787
5791097
5810674
5859822
5867072
5879409
5899107
5953378
5981388
5986833
1698091
2210381
5456611
1357378
1612360
2650304
1712243
2423627
3015620
4987840
5091586
1423475
2807214
6015811
2160113
3229042
2081963
3289872
1296085
1694482
5410841
1265992
4868756
4977230
1569583
1330965
4938523
3776549
1133386
2532896
2010473
5332676
1753289
1093369
1241088
5311473
4472846
4385522
4182866
