1 1.42646698589211
2 1.4256505964684
3 1.42381396687654
4 1.41579977415987
5 1.41122009241156
6 1.40911461606846
7 1.40562539977223
8 1.40326618830008
9 1.40088367041044
10 1.39913389252943
11 1.39481385991857
12 1.3937257883662
13 1.39233382983385
14 1.39001264304754
15 1.38802947835273
16 1.38680265227979
17 1.38357182432343
18 1.38180661768605
19 1.38024270840428
20 1.37794716041485
21 1.37681892033148
22 1.3759671932583
23 1.37392151739532
24 1.37338033672955
25 1.37115238503609
26 1.36943571087591
27 1.36848271443001
28 1.36465300315142
29 1.36345458916102
30 1.36166075706265
31 1.36039763001788
32 1.35988377473723
