1000996
1019244
1021480
1022211
1025603
1035699
1036634
1036772
1036902
1040860
1042590
1044057
1047060
1062002
1067404
1073262
1073285
1093627
1096551
1106872
1111578
1118979
1122913
1129680
1134145
1151326
1160193
1179166
1186199
1190304
1192548
1196612
1204306
1219578
1224572
1227693
1231466
1238051
1253223
1263712
1265080
1265539
1273272
1279672
1281395
1295345
1306437
1311841
1314075
1322156
1322623
1324328
1327450
1327658
1340425
1340608
1343174
1348626
1349513
1350851
1351158
1352678
1362518
1365869
1372715
1373594
1375233
1375352
1380222
1380377
1385218
1389396
1405650
1423146
1424473
1431212
1432269
1448682
1448764
1450060
1453001
1454419
1461130
1461465
1468942
1471301
1486940
1489917
1495245
1502395
1503954
1508745
1517795
1518846
1547938
1554052
1560125
1564209
1566543
1583774
1595841
1604753
1612360
1613965
1617893
1620501
1621563
1626778
1627989
1636061
1640902
1650636
1653129
1670960
1671296
1674838
1701746
1703931
1710349
1715583
1718653
1726116
1734742
1737098
1744073
1746843
1753060
1759091
1764043
1777991
1782281
1783169
1784470
1784979
1786523
1794182
1799310
1805217
1819460
1820683
1836101
1861608
1864742
1872555
1878942
1880505
1883856
1899953
1905326
1909353
1916821
1918534
1946336
1952134
1953449
1954249
1956768
1968167
1980463
1981620
1987336
1988013
1994210
1997021
2015208
2016051
2016239
2016615
2019097
2033751
2074060
2074613
2093768
2101125
2106343
2110840
2127644
2129130
2139660
2142811
2147583
2154968
2157469
2158377
2159223
2161575
2163271
2168968
2169853
2176487
2180709
2183735
2189568
2190632
2198633
2213599
2218707
2219723
2220793
2222243
2225029
2226827
2228599
2233000
2237272
2239139
2248703
2253698
2270045
2275882
2277916
2280072
2284794
2301183
2304003
2308508
2321347
2321635
2326895
2333699
2335169
2337151
2342982
2343197
2344844
2373013
2380584
2382659
2384621
2390329
2391153
2395840
2403880
2404882
2407635
2409920
2411899
2414857
2417562
2424635
2434551
2440404
2442544
2445535
2446814
2448251
2460188
2466215
2467931
2467979
2469074
2473768
2475622
2476867
2477685
2505819
2527797
2527891
2532229
2536218
2537225
2545933
2558916
2565846
2584015
2590803
2590979
2592050
2601789
2611431
2619811
2622603
2630332
2638690
2640011
2647305
2647828
2651437
2666983
2670113
2672477
2674046
2682726
2688248
2700011
2700601
2708509
2714967
2720124
2736473
2739389
2743120
2743392
2757776
2761200
2770777
2771220
2772498
2787896
2789555
2796402
2813866
2827577
2831139
2832956
2836356
2856726
2864089
2866822
2871752
2881822
2882015
2884749
2900485
2912268
2921041
2929608
2945706
2949914
2958960
2961781
2974799
2989361
2991389
2994462
3006589
3009256
3010195
3019437
3031478
3044851
3044885
3046243
3066857
3073605
3082710
3082836
3083307
3088470
3092778
3099027
3118530
3119831
3123323
3124313
3141231
3149779
3154139
3176591
3181437
3191323
3194936
3197691
3207493
3216414
3223457
3224946
3225480
3226126
3229258
3229505
3230228
3230951
3244370
3255874
3256613
3263124
3274643
3281379
3283384
3288847
3298326
3311434
3319491
3325070
3332136
3332560
3335580
3339060
3341214
3346711
3350027
3351098
3352970
3353830
3365780
3377370
3383116
3384119
3385082
3387414
3388277
3393832
3399619
3403791
3406002
3411261
3411359
3418739
3431208
3434950
3436610
3443099
3444448
3446098
3447141
3448298
3450140
3452380
3455511
3465823
3467789
3477480
3478449
3483240
3483901
3486632
3487146
3489851
3491948
3493403
3498699
3499945
3500989
3503376
3503670
3509378
3517671
3522766
3527584
3529405
3541814
3554861
3562584
3567037
3568675
3578960
3589758
3593025
3611222
3614668
3624157
3632213
3646649
3654720
3658367
3661038
3663776
3665633
3673239
3676912
3681753
3683478
3684343
3698453
3713034
3715271
3732632
3735235
3743703
3746614
3750371
3751586
3756602
3757106
3768942
3780342
3782689
3789961
3791319
3791390
3792290
3796010
3805826
3812045
3814026
3814819
3818811
3826230
3839551
3853945
3857764
3874818
3887902
3893184
3894720
3897607
3943724
3957937
3961168
3976717
3979369
3979417
3979685
3982106
3984638
3992797
3992856
3994333
4015945
4016720
4022408
4043494
4044002
4045346
4046012
4049964
4064657
4067001
4088362
4113956
4136189
4144767
4150117
4153270
4157558
4158312
4161068
4165971
4166734
4178818
4182866
4184868
4190440
4195030
4202713
4203144
4206962
4209189
4212654
4220108
4222014
4226666
4228307
4231927
4236922
4244951
4245003
4246323
4266689
4271164
4296422
4299817
4304515
4306564
4307980
4308416
4308780
4316278
4317317
4324618
4329430
4335519
4346385
4348636
4355783
4355964
4359004
4367639
4375257
4375720
4395475
4406134
4406909
4414866
4417371
4420336
4427206
4431004
4437961
4440648
4448311
4466621
4467024
4468006
4474780
4479355
4501344
4506406
4532176
4533166
4534737
4535649
4544052
4547119
4547946
4551215
4552791
4555210
4559148
4561029
4573520
4589638
4595288
4601418
4602612
4602830
4604606
4607504
4613315
4615375
4618403
4630865
4640970
4644934
4645708
4652212
4661791
4665882
4690455
4710654
4713811
4722414
4724058
4731739
4734468
4735164
4735568
4736856
4741238
4743607
4748668
4748815
4754944
4769661
4781546
4782097
4783961
4784404
4784427
4796026
4805402
4807519
4811324
4812826
4817303
4820964
4823192
4824027
4824659
4827505
4837663
4841651
4847138
4857894
4874300
4881076
4885107
4886517
4888317
4893302
4915606
4920454
4922026
4923444
4930390
4935520
4937422
4944240
4948926
4949902
4955960
4966657
4968641
4973212
4980434
4985318
4990620
4992734
5005074
5013578
5024390
5028637
5029644
5034206
5035126
5059812
5061345
5070118
5073947
5079408
5083855
5090824
5092094
5104850
5112903
5122844
5152378
5152456
5153115
5162980
5163076
5165021
5168706
5178689
5181096
5198333
5200775
5204380
5216469
5230005
5236855
5239051
5249984
5261045
5270455
5276036
5276203
5276889
5284210
5284477
5292728
5307121
5308629
5311676
5331467
5352158
5352419
5375703
5383251
5394941
5395299
5396320
5402973
5410837
5438062
5445488
5462485
5463456
5470405
5471337
5472664
5480642
5493429
5504183
5511717
5514279
5522209
5531859
5533229
5536087
5547431
5576255
5576471
5588485
5591507
5594848
5601265
5602418
5609602
5612028
5622237
5630408
5646115
5648019
5648081
5659148
5662323
5663670
5663925
5670258
5685199
5688768
5690055
5709424
5710978
5713367
5715625
5719510
5722167
5735620
5736167
5736737
5741247
5744531
5744719
5748052
5753266
5755321
5764848
5782651
5785942
5791529
5791565
5794134
5802476
5806524
5815771
5842021
5862750
5867072
5876775
5879409
5880798
5884594
5886427
5886736
5891864
5904022
5915484
5920306
5929498
5933114
5936391
5940969
5945244
5953378
5960346
5961820
5972574
5979943
5980116
5981388
5987834
6002112
6025033
1698091
2210381
4385522
2010473
2160113
3466865
1296085
1694482
5410841
2081963
5994363
1489390
1647281
2532896
4868756
1569583
