1 1.30051368483928
2 1.29755297954183
3 1.29574843166563
4 1.28733898844859
5 1.286463221635
6 1.28530350537789
7 1.28229550799818
8 1.27811637492429
9 1.27698439116149
10 1.27370699247664
11 1.2723353835053
12 1.27117063480416
13 1.26870665478336
14 1.26614642829171
15 1.26543783368035
16 1.26052531024229
17 1.25942362107076
18 1.2577692531923
19 1.25551063281383
20 1.25432103091175
21 1.24928939508172
22 1.24645832383059
23 1.24631259758893
24 1.24522166068502
25 1.24417073894953
26 1.24357933907289
27 1.24244078549778
28 1.2403057943487
29 1.23822479362104
30 1.23747827756333
31 1.23626172080027
32 1.23375933690908
