1000996	1000996
1016002	1016002
1019244	1019244
1021480	1021480
1022211	1022211
1022781	1022781
1024799	1024799
1025603	1025603
1028635	1028635
1033500	1033500
1033972	1033972
1035699	1035699
1036634	1036634
1036772	1036772
1036902	1036902
1040860	1040860
1042590	1042590
1044057	1044057
1044178	1044178
1047060	1047060
1062002	1062002
1067404	1067404
1073262	1073262
1073285	1073285
1076140	1076140
1078566	1078566
1080741	1080741
1093369	1093369
1093391	1093391
1093526	1093526
1093627	1093627
1096551	1096551
1097098	1097098
1102713	1102713
1106872	1106872
1110631	1110631
1111578	1111578
1112725	1112725
1118979	1118979
1122913	1122913
1129680	1129680
1133386	1133386
1134145	1134145
1151326	1151326
1160193	1160193
1163517	1163517
1172871	1172871
1179166	1179166
1186199	1186199
1190304	1190304
1192548	1192548
1196612	1196612
1198879	1198879
1204306	1204306
1208254	1208254
1209070	1209070
1209802	1209802
1211928	1211928
1219578	1219578
1221228	1221228
1224189	1224189
1224572	1224572
1227693	1227693
1228237	1228237
1231466	1231466
1238051	1238051
1241088	1241088
1248115	1248115
1253223	1253223
1263712	1263712
1265080	1265080
1265539	1265539
1265992	1265992
1273272	1273272
1279672	1279672
1281395	1281395
1288436	1288436
1295345	1295345
1296085	1296085
1299819	1299819
1306437	1306437
1311841	1311841
1314075	1314075
1322156	1322156
1322623	1322623
1324328	1324328
1327188	1327188
1327450	1327450
1327658	1327658
1330965	1330965
1338688	1338688
1340425	1340425
1340608	1340608
1343174	1343174
1346010	1346010
1346427	1346427
1348626	1348626
1349513	1349513
1349535	1349535
1350851	1350851
1351158	1351158
1352678	1352678
1357378	1357378
1360976	1360976
1362305	1362305
1362518	1362518
1365028	1365028
1365869	1365869
1367851	1367851
1372715	1372715
1373594	1373594
1374631	1374631
1375233	1375233
1375352	1375352
1375535	1375535
1380222	1380222
1380377	1380377
1385218	1385218
1389396	1389396
1390129	1390129
1401234	1401234
1405650	1405650
1423135	1423135
1423146	1423146
1423475	1423475
1424473	1424473
1431212	1431212
1432129	1432129
1432269	1432269
1433987	1433987
1441752	1441752
1448682	1448682
1448764	1448764
1450060	1450060
1453001	1453001
1454419	1454419
1456497	1456497
1458544	1458544
1461130	1461130
1461465	1461465
1468942	1468942
1469450	1469450
1471301	1471301
1483944	1483944
1486940	1486940
1489390	1489390
1489917	1489917
1493589	1493589
1493885	1493885
1495245	1495245
1502395	1502395
1503387	1503387
1503954	1503954
1508745	1508745
1515000	1515000
1517795	1517795
1518846	1518846
1526936	1526936
1528762	1528762
1534702	1534702
1547938	1547938
1549847	1549847
1554052	1554052
1559614	1559614
1560125	1560125
1560919	1560919
1564209	1564209
1566543	1566543
1569583	1569583
1571245	1571245
1576298	1576298
1583774	1583774
1592467	1592467
1594271	1594271
1595841	1595841
1604753	1604753
1607738	1607738
1612360	1612360
1612948	1612948
1613965	1613965
1617893	1617893
1619940	1619940
1620501	1620501
1621563	1621563
1623575	1623575
1626778	1626778
1627989	1627989
1634959	1634959
1636061	1636061
1640902	1640902
1647123	1647123
1647281	1647281
1649011	1649011
1650636	1650636
1653129	1653129
1657813	1657813
1661642	1661642
1670960	1670960
1671296	1671296
1674838	1674838
1684496	1684496
1686140	1686140
1694482	1694482
1698091	1698091
1700902	1700902
1701746	1701746
1703931	1703931
1704849	1704849
1706354	1706354
1710349	1710349
1712243	1712243
1715583	1715583
1717680	1717680
1718653	1718653
1726116	1726116
1734742	1734742
1735297	1735297
1737098	1737098
1744073	1744073
1746843	1746843
1749953	1749953
1751255	1751255
1753060	1753060
1753289	1753289
1758837	1758837
1759091	1759091
1764043	1764043
1771640	1771640
1772531	1772531
1777991	1777991
1782281	1782281
1783169	1783169
1784470	1784470
1784979	1784979
1786523	1786523
1789271	1789271
1789328	1789328
1793040	1793040
1794182	1794182
1795817	1795817
1799310	1799310
1802809	1802809
1803206	1803206
1805217	1805217
1806244	1806244
1815832	1815832
1819460	1819460
1820683	1820683
1820828	1820828
1823996	1823996
1829388	1829388
1836101	1836101
1861608	1861608
1864742	1864742
1870351	1870351
1872555	1872555
1875452	1875452
1878942	1878942
1879256	1879256
1880505	1880505
1882342	1882342
1883856	1883856
1894837	1894837
1898545	1898545
1899953	1899953
1901906	1901906
1905326	1905326
1909353	1909353
1911347	1911347
1916821	1916821
1918534	1918534
1927264	1927264
1935817	1935817
1946336	1946336
1952134	1952134
1953449	1953449
1954249	1954249
1956768	1956768
1959210	1959210
1968167	1968167
1980463	1980463
1981620	1981620
1987336	1987336
1988013	1988013
1994210	1994210
1996127	1996127
1997021	1997021
2010473	2010473
2015208	2015208
2016051	2016051
2016239	2016239
2016615	2016615
2019097	2019097
2023737	2023737
2025562	2025562
2030542	2030542
2033751	2033751
2035709	2035709
2046580	2046580
2052963	2052963
2074060	2074060
2074613	2074613
2079309	2079309
2081963	2081963
2088143	2088143
2091989	2091989
2092099	2092099
2092992	2092992
2093768	2093768
2094118	2094118
2098971	2098971
2101125	2101125
2106343	2106343
2107490	2107490
2110840	2110840
2127644	2127644
2129130	2129130
2132892	2132892
2139660	2139660
2142811	2142811
2147583	2147583
2154968	2154968
2156656	2156656
2157469	2157469
2158377	2158377
2159223	2159223
2160113	2160113
2161575	2161575
2163271	2163271
2164745	2164745
2166962	2166962
2168968	2168968
2169853	2169853
2172212	2172212
2175215	2175215
2176487	2176487
2180395	2180395
2180709	2180709
2183735	2183735
2189568	2189568
2190632	2190632
2198633	2198633
2199916	2199916
2203493	2203493
2206402	2206402
2210381	2210381
2213599	2213599
2216011	2216011
2218707	2218707
2219723	2219723
2220793	2220793
2222243	2222243
2225029	2225029
2226827	2226827
2228599	2228599
2233000	2233000
2237272	2237272
2239139	2239139
2248601	2248601
2248703	2248703
2253698	2253698
2270045	2270045
2274853	2274853
2275882	2275882
2277916	2277916
2280072	2280072
2284794	2284794
2287321	2287321
2301183	2301183
2304003	2304003
2306164	2306164
2308508	2308508
2310202	2310202
2320624	2320624
2320690	2320690
2321347	2321347
2321635	2321635
2322282	2322282
2326868	2326868
2326895	2326895
2333699	2333699
2335169	2335169
2337151	2337151
2342982	2342982
2343197	2343197
2344844	2344844
2346177	2346177
2346592	2346592
2355652	2355652
2356947	2356947
2357432	2357432
2361885	2361885
2368289	2368289
2371159	2371159
2373013	2373013
2374670	2374670
2380584	2380584
2382659	2382659
2384621	2384621
2386561	2386561
2390329	2390329
2390388	2390388
2391153	2391153
2393912	2393912
2395840	2395840
2398273	2398273
2399951	2399951
2399985	2399985
2402909	2402909
2403880	2403880
2404882	2404882
2407635	2407635
2409920	2409920
2411899	2411899
2412241	2412241
2414857	2414857
2417562	2417562
2419201	2419201
2422648	2422648
2423627	2423627
2424635	2424635
2425557	2425557
2426908	2426908
2431990	2431990
2434551	2434551
2440404	2440404
2442544	2442544
2445535	2445535
2446814	2446814
2448251	2448251
2460188	2460188
2466215	2466215
2467931	2467931
2467979	2467979
2468354	2468354
2469074	2469074
2470932	2470932
2473768	2473768
2475622	2475622
2476867	2476867
2477685	2477685
2479328	2479328
2480593	2480593
2495377	2495377
2504891	2504891
2505819	2505819
2507715	2507715
2514036	2514036
2527594	2527594
2527797	2527797
2527891	2527891
2532229	2532229
2532896	2532896
2534535	2534535
2536218	2536218
2537225	2537225
2544209	2544209
2545933	2545933
2549298	2549298
2558916	2558916
2563685	2563685
2565846	2565846
2566323	2566323
2584015	2584015
2590453	2590453
2590803	2590803
2590979	2590979
2592050	2592050
2600439	2600439
2601789	2601789
2602348	2602348
2607280	2607280
2611431	2611431
2611791	2611791
2619811	2619811
2622603	2622603
2623534	2623534
2630332	2630332
2638690	2638690
2640011	2640011
2646525	2646525
2647305	2647305
2647828	2647828
2647893	2647893
2650304	2650304
2651437	2651437
2659852	2659852
2665282	2665282
2666983	2666983
2668444	2668444
2670113	2670113
2670714	2670714
2671338	2671338
2672477	2672477
2674046	2674046
2678693	2678693
2682726	2682726
2688248	2688248
2690526	2690526
2694683	2694683
2700011	2700011
2700601	2700601
2704328	2704328
2708509	2708509
2714967	2714967
2720124	2720124
2736473	2736473
2739352	2739352
2739389	2739389
2739670	2739670
2740745	2740745
2740953	2740953
2743120	2743120
2743392	2743392
2746657	2746657
2747680	2747680
2754500	2754500
2757776	2757776
2761200	2761200
2770777	2770777
2771220	2771220
2772498	2772498
2785028	2785028
2787288	2787288
2787896	2787896
2789555	2789555
2796007	2796007
2796402	2796402
2807214	2807214
2808166	2808166
2808846	2808846
2810795	2810795
2813866	2813866
2821450	2821450
2826779	2826779
2827577	2827577
2831139	2831139
2831366	2831366
2832956	2832956
2836356	2836356
2856726	2856726
2861040	2861040
2864089	2864089
2866822	2866822
2871752	2871752
2881822	2881822
2882015	2882015
2884749	2884749
2900485	2900485
2912268	2912268
2919767	2919767
2921041	2921041
2929608	2929608
2945180	2945180
2945706	2945706
2947211	2947211
2949914	2949914
2952230	2952230
2958301	2958301
2958572	2958572
2958960	2958960
2961781	2961781
2972854	2972854
2973096	2973096
2973932	2973932
2974799	2974799
2975327	2975327
2977266	2977266
2982595	2982595
2983534	2983534
2989361	2989361
2991389	2991389
2994462	2994462
3000272	3000272
3002731	3002731
3006589	3006589
3006631	3006631
3009256	3009256
3010195	3010195
3012020	3012020
3015620	3015620
3019437	3019437
3019655	3019655
3031478	3031478
3033176	3033176
3044851	3044851
3044885	3044885
3046243	3046243
3047164	3047164
3050201	3050201
3050377	3050377
3063195	3063195
3066857	3066857
3067149	3067149
3067957	3067957
3068073	3068073
3073605	3073605
3082710	3082710
3082836	3082836
3083307	3083307
3084512	3084512
3088470	3088470
3092778	3092778
3093077	3093077
3095663	3095663
3099027	3099027
3102032	3102032
3109172	3109172
3113270	3113270
3115121	3115121
3118504	3118504
3118530	3118530
3119599	3119599
3119831	3119831
3123323	3123323
3123799	3123799
3124313	3124313
3136898	3136898
3141231	3141231
3149779	3149779
3153560	3153560
3154139	3154139
3176591	3176591
3181437	3181437
3191323	3191323
3194936	3194936
3197691	3197691
3200216	3200216
3207493	3207493
3208632	3208632
3212950	3212950
3214477	3214477
3216414	3216414
3223457	3223457
3224946	3224946
3225480	3225480
3226126	3226126
3229042	3229042
3229258	3229258
3229505	3229505
3230228	3230228
3230951	3230951
3239775	3239775
3244370	3244370
3248000	3248000
3253197	3253197
3255874	3255874
3256613	3256613
3262842	3262842
3263124	3263124
3274643	3274643
3281379	3281379
3283384	3283384
3284191	3284191
3288847	3288847
3289872	3289872
3293658	3293658
3294051	3294051
3295650	3295650
3298326	3298326
3311434	3311434
3311978	3311978
3313208	3313208
3314832	3314832
3319491	3319491
3323835	3323835
3325070	3325070
3326990	3326990
3332136	3332136
3332560	3332560
3335580	3335580
3339060	3339060
3341214	3341214
3345022	3345022
3346711	3346711
3350027	3350027
3351098	3351098
3352970	3352970
3353830	3353830
3358845	3358845
3360311	3360311
3365780	3365780
3370437	3370437
3377370	3377370
3380364	3380364
3383116	3383116
3384119	3384119
3385082	3385082
3387414	3387414
3388277	3388277
3391329	3391329
3393734	3393734
3393832	3393832
3399619	3399619
3403791	3403791
3406002	3406002
3410986	3410986
3411261	3411261
3411359	3411359
3415023	3415023
3418739	3418739
3424559	3424559
3431208	3431208
3434950	3434950
3436550	3436550
3436610	3436610
3439223	3439223
3443099	3443099
3444448	3444448
3446098	3446098
3447141	3447141
3448298	3448298
3448391	3448391
3450140	3450140
3452380	3452380
3455511	3455511
3465823	3465823
3466865	3466865
3467789	3467789
3475986	3475986
3477480	3477480
3478449	3478449
3478505	3478505
3483240	3483240
3483901	3483901
3486632	3486632
3487146	3487146
3489851	3489851
3491948	3491948
3493403	3493403
3498699	3498699
3499945	3499945
3500989	3500989
3503376	3503376
3503670	3503670
3509378	3509378
3512168	3512168
3514337	3514337
3517671	3517671
3522766	3522766
3527584	3527584
3528894	3528894
3529405	3529405
3533876	3533876
3534117	3534117
3541814	3541814
3545916	3545916
3554861	3554861
3562584	3562584
3564316	3564316
3567037	3567037
3568675	3568675
3578189	3578189
3578960	3578960
3584501	3584501
3589758	3589758
3589856	3589856
3593025	3593025
3596739	3596739
3598606	3598606
3606909	3606909
3608218	3608218
3611222	3611222
3614319	3614319
3614668	3614668
3624157	3624157
3632213	3632213
3632775	3632775
3637928	3637928
3644620	3644620
3646649	3646649
3654720	3654720
3658367	3658367
3661038	3661038
3663776	3663776
3665633	3665633
3673239	3673239
3676912	3676912
3681753	3681753
3683478	3683478
3684343	3684343
3692394	3692394
3697731	3697731
3698453	3698453
3703861	3703861
3711658	3711658
3712286	3712286
3713034	3713034
3715271	3715271
3720640	3720640
3732632	3732632
3734112	3734112
3735235	3735235
3743703	3743703
3746614	3746614
3750371	3750371
3751586	3751586
3756602	3756602
3757106	3757106
3763462	3763462
3764815	3764815
3767678	3767678
3768942	3768942
3769063	3769063
3776549	3776549
3778290	3778290
3780342	3780342
3781422	3781422
3782689	3782689
3789961	3789961
3791319	3791319
3791390	3791390
3792290	3792290
3796010	3796010
3805826	3805826
3812045	3812045
3814026	3814026
3814819	3814819
3818811	3818811
3822589	3822589
3826230	3826230
3836963	3836963
3836981	3836981
3839551	3839551
3853945	3853945
3854676	3854676
3857764	3857764
3860460	3860460
3862562	3862562
3865470	3865470
3866333	3866333
3870916	3870916
3874818	3874818
3876740	3876740
3887902	3887902
3893184	3893184
3894720	3894720
3897607	3897607
3911734	3911734
3937298	3937298
3943724	3943724
3951675	3951675
3955109	3955109
3957937	3957937
3959588	3959588
3961168	3961168
3976717	3976717
3979369	3979369
3979417	3979417
3979685	3979685
3982106	3982106
3983599	3983599
3984638	3984638
3992797	3992797
3992856	3992856
3994333	3994333
4005241	4005241
4015945	4015945
4016720	4016720
4018936	4018936
4022408	4022408
4026512	4026512
4027053	4027053
4042059	4042059
4043494	4043494
4044002	4044002
4045346	4045346
4046012	4046012
4049964	4049964
4064657	4064657
4067001	4067001
4071155	4071155
4074054	4074054
4079438	4079438
4085598	4085598
4088362	4088362
4102267	4102267
4113956	4113956
4125303	4125303
4125374	4125374
4130598	4130598
4130661	4130661
4136189	4136189
4137584	4137584
4140006	4140006
4144767	4144767
4150117	4150117
4153270	4153270
4156353	4156353
4157558	4157558
4158312	4158312
4161068	4161068
4165971	4165971
4166734	4166734
4168429	4168429
4175135	4175135
4178818	4178818
4182866	4182866
4184868	4184868
4190440	4190440
4195030	4195030
4195705	4195705
4201696	4201696
4202713	4202713
4203068	4203068
4203144	4203144
4206962	4206962
4209189	4209189
4211328	4211328
4212654	4212654
4215114	4215114
4220108	4220108
4222014	4222014
4226666	4226666
4228307	4228307
4231927	4231927
4236922	4236922
4237693	4237693
4244951	4244951
4245003	4245003
4246323	4246323
4259381	4259381
4266689	4266689
4268722	4268722
4271164	4271164
4284942	4284942
4287203	4287203
4290433	4290433
4293689	4293689
4296422	4296422
4299817	4299817
4300507	4300507
4304515	4304515
4306564	4306564
4307980	4307980
4308416	4308416
4308780	4308780
4310303	4310303
4316278	4316278
4317317	4317317
4324618	4324618
4329430	4329430
4335519	4335519
4336684	4336684
4340270	4340270
4346385	4346385
4348636	4348636
4355783	4355783
4355964	4355964
4356537	4356537
4359004	4359004
4362017	4362017
4367639	4367639
4367677	4367677
4369664	4369664
4375257	4375257
4375720	4375720
4385522	4385522
4395475	4395475
4396544	4396544
4406134	4406134
4406909	4406909
4414866	4414866
4415839	4415839
4417371	4417371
4420336	4420336
4421070	4421070
4427206	4427206
4431004	4431004
4437961	4437961
4440648	4440648
4441102	4441102
4441486	4441486
4448311	4448311
4466621	4466621
4467024	4467024
4468006	4468006
4472846	4472846
4474780	4474780
4479249	4479249
4479355	4479355
4489220	4489220
4501344	4501344
4506406	4506406
4507247	4507247
4524956	4524956
4532176	4532176
4533166	4533166
4534737	4534737
4535649	4535649
4537293	4537293
4539626	4539626
4544052	4544052
4547119	4547119
4547946	4547946
4551215	4551215
4552791	4552791
4555210	4555210
4559148	4559148
4561029	4561029
4573520	4573520
4584975	4584975
4589638	4589638
4595288	4595288
4601418	4601418
4602612	4602612
4602830	4602830
4603610	4603610
4604606	4604606
4607504	4607504
4613315	4613315
4615375	4615375
4617377	4617377
4618176	4618176
4618403	4618403
4618975	4618975
4626998	4626998
4630865	4630865
4633401	4633401
4638477	4638477
4639334	4639334
4640970	4640970
4643652	4643652
4644934	4644934
4645708	4645708
4647121	4647121
4652212	4652212
4661791	4661791
4665882	4665882
4667968	4667968
4683352	4683352
4684385	4684385
4690455	4690455
4699499	4699499
4710654	4710654
4713327	4713327
4713811	4713811
4716411	4716411
4722414	4722414
4724058	4724058
4731288	4731288
4731739	4731739
4734468	4734468
4735164	4735164
4735568	4735568
4736856	4736856
4741238	4741238
4743607	4743607
4748113	4748113
4748668	4748668
4748815	4748815
4754944	4754944
4756476	4756476
4761001	4761001
4769661	4769661
4778421	4778421
4781546	4781546
4782097	4782097
4783961	4783961
4784404	4784404
4784427	4784427
4796026	4796026
4796464	4796464
4800059	4800059
4804531	4804531
4805402	4805402
4807519	4807519
4808515	4808515
4809231	4809231
4811324	4811324
4812826	4812826
4813552	4813552
4815121	4815121
4815228	4815228
4816209	4816209
4817303	4817303
4820838	4820838
4820964	4820964
4823192	4823192
4824027	4824027
4824659	4824659
4825820	4825820
4827505	4827505
4837663	4837663
4841651	4841651
4847138	4847138
4857411	4857411
4857894	4857894
4868756	4868756
4874300	4874300
4881076	4881076
4884643	4884643
4885107	4885107
4886517	4886517
4888317	4888317
4888463	4888463
4893302	4893302
4903530	4903530
4906342	4906342
4907902	4907902
4915606	4915606
4920454	4920454
4921183	4921183
4922026	4922026
4923444	4923444
4929092	4929092
4930390	4930390
4935316	4935316
4935520	4935520
4937422	4937422
4938523	4938523
4943293	4943293
4943855	4943855
4944240	4944240
4948926	4948926
4949427	4949427
4949902	4949902
4950457	4950457
4955960	4955960
4957036	4957036
4959185	4959185
4960304	4960304
4966657	4966657
4968641	4968641
4971659	4971659
4973212	4973212
4977230	4977230
4980434	4980434
4981383	4981383
4984504	4984504
4985318	4985318
4987840	4987840
4990620	4990620
4992734	4992734
4996485	4996485
5005074	5005074
5009686	5009686
5013578	5013578
5017804	5017804
5024390	5024390
5028637	5028637
5029609	5029609
5029644	5029644
5033368	5033368
5034206	5034206
5035126	5035126
5037385	5037385
5039200	5039200
5052186	5052186
5059812	5059812
5061345	5061345
5070118	5070118
5073947	5073947
5075684	5075684
5079408	5079408
5082587	5082587
5083855	5083855
5088960	5088960
5090824	5090824
5091586	5091586
5092094	5092094
5093067	5093067
5096976	5096976
5103592	5103592
5104850	5104850
5111927	5111927
5112903	5112903
5114958	5114958
5121458	5121458
5122844	5122844
5124368	5124368
5137837	5137837
5140588	5140588
5141485	5141485
5150577	5150577
5152378	5152378
5152456	5152456
5153115	5153115
5155338	5155338
5162980	5162980
5163076	5163076
5165021	5165021
5168706	5168706
5178523	5178523
5178689	5178689
5179161	5179161
5180864	5180864
5181096	5181096
5183685	5183685
5189664	5189664
5190088	5190088
5194893	5194893
5198333	5198333
5199098	5199098
5200775	5200775
5204380	5204380
5216469	5216469
5218204	5218204
5227958	5227958
5230005	5230005
5236855	5236855
5239051	5239051
5245804	5245804
5249984	5249984
5261045	5261045
5270455	5270455
5272979	5272979
5275244	5275244
5275939	5275939
5276036	5276036
5276203	5276203
5276889	5276889
5284007	5284007
5284210	5284210
5284477	5284477
5292728	5292728
5305766	5305766
5306827	5306827
5307121	5307121
5308629	5308629
5311473	5311473
5311676	5311676
5328776	5328776
5331467	5331467
5332676	5332676
5343254	5343254
5351541	5351541
5352158	5352158
5352419	5352419
5358397	5358397
5360165	5360165
5361236	5361236
5372734	5372734
5375703	5375703
5380721	5380721
5383251	5383251
5394941	5394941
5395299	5395299
5396320	5396320
5396725	5396725
5399865	5399865
5402973	5402973
5410469	5410469
5410837	5410837
5410841	5410841
5414940	5414940
5438062	5438062
5445488	5445488
5447698	5447698
5452339	5452339
5456611	5456611
5462485	5462485
5463456	5463456
5464876	5464876
5470405	5470405
5471337	5471337
5471748	5471748
5471790	5471790
5472664	5472664
5477947	5477947
5480642	5480642
5490579	5490579
5493429	5493429
5498859	5498859
5502972	5502972
5504175	5504175
5504183	5504183
5508560	5508560
5511717	5511717
5514279	5514279
5522209	5522209
5523911	5523911
5527567	5527567
5531859	5531859
5533229	5533229
5536087	5536087
5547431	5547431
5558650	5558650
5559252	5559252
5560151	5560151
5560508	5560508
5567939	5567939
5576255	5576255
5576471	5576471
5580753	5580753
5588485	5588485
5591507	5591507
5594848	5594848
5598745	5598745
5601265	5601265
5602418	5602418
5606709	5606709
5609602	5609602
5609753	5609753
5612028	5612028
5616269	5616269
5619241	5619241
5622237	5622237
5627644	5627644
5630408	5630408
5632572	5632572
5646115	5646115
5646430	5646430
5648019	5648019
5648081	5648081
5659148	5659148
5662323	5662323
5663670	5663670
5663925	5663925
5664099	5664099
5670258	5670258
5674478	5674478
5676277	5676277
5677603	5677603
5685199	5685199
5688768	5688768
5689157	5689157
5689734	5689734
5690055	5690055
5700442	5700442
5709424	5709424
5710978	5710978
5713367	5713367
5715625	5715625
5716235	5716235
5718315	5718315
5719510	5719510
5722167	5722167
5722503	5722503
5727783	5727783
5735620	5735620
5736167	5736167
5736737	5736737
5741247	5741247
5744531	5744531
5744719	5744719
5746809	5746809
5748052	5748052
5750319	5750319
5753266	5753266
5755321	5755321
5757605	5757605
5763014	5763014
5764848	5764848
5767815	5767815
5782651	5782651
5783619	5783619
5785942	5785942
5786367	5786367
5789787	5789787
5791097	5791097
5791529	5791529
5791565	5791565
5793114	5793114
5794134	5794134
5802476	5802476
5803760	5803760
5806524	5806524
5810674	5810674
5815771	5815771
5824105	5824105
5835314	5835314
5842021	5842021
5843817	5843817
5859822	5859822
5862750	5862750
5867072	5867072
5874780	5874780
5876775	5876775
5879086	5879086
5879409	5879409
5880798	5880798
5884594	5884594
5886427	5886427
5886736	5886736
5891864	5891864
5895889	5895889
5896466	5896466
5898775	5898775
5899107	5899107
5904022	5904022
5907467	5907467
5911606	5911606
5915484	5915484
5918368	5918368
5918508	5918508
5920306	5920306
5926647	5926647
5928204	5928204
5929498	5929498
5933114	5933114
5936391	5936391
5939349	5939349
5940969	5940969
5945244	5945244
5953378	5953378
5960346	5960346
5961820	5961820
5965824	5965824
5972574	5972574
5979943	5979943
5980116	5980116
5981388	5981388
5986833	5986833
5987834	5987834
5994363	5994363
5999933	5999933
6002112	6002112
6015811	6015811
6025033	6025033
